1 1 4 4
1 1 2 2
0 0 7 8
5 3 9 6
5 3 10 6
0 0 4 4
1 1 2 2
1 1 7 8
5 3 9 6
5 3 10 6
0 4 4 0
1 1 2 2
1 1 7 8
5 3 9 6
5 3 10 6
4 4 0 0
1 1 2 2
1 1 7 8
5 3 9 6
5 3 10 6
4 4 2 2
1 1 0 0
1 1 7 8
5 3 9 6
5 3 10 6
4 4 2 2
1 1 7 0
1 1 0 8
5 3 9 6
5 3 10 6
4 4 2 2
1 1 0 7
1 1 0 8
5 3 9 6
5 3 10 6
4 4 2 2
0 1 1 7
0 1 1 8
5 3 9 6
5 3 10 6
4 4 2 2
0 1 1 7
5 1 1 8
5 3 9 6
0 3 10 6
4 4 2 2
5 1 1 7
5 1 1 8
0 3 9 6
0 3 10 6
4 4 2 2
5 1 1 7
5 1 1 8
3 0 9 6
3 0 10 6
4 4 2 2
5 1 1 7
5 1 1 8
3 9 0 6
3 0 10 6
4 4 2 2
5 1 1 7
5 1 1 8
3 0 0 6
3 9 10 6
4 4 2 2
5 0 0 7
5 1 1 8
3 1 1 6
3 9 10 6
4 4 2 2
5 0 7 0
5 1 1 8
3 1 1 6
3 9 10 6
4 4 2 2
5 7 0 0
5 1 1 8
3 1 1 6
3 9 10 6
4 4 2 2
5 7 0 8
5 1 1 0
3 1 1 6
3 9 10 6
4 4 2 2
5 7 8 0
5 1 1 0
3 1 1 6
3 9 10 6
4 4 2 2
5 7 8 0
5 1 1 6
3 1 1 6
3 9 10 0
4 4 2 2
5 7 8 6
5 1 1 6
3 1 1 0
3 9 10 0
4 4 2 2
5 7 8 6
5 1 1 6
3 1 1 0
3 9 0 10
4 4 2 2
5 7 8 6
5 1 1 6
3 1 1 10
3 9 0 0
4 4 2 2
5 7 8 6
5 1 1 6
3 1 1 10
3 0 9 0
4 4 2 2
5 7 8 6
5 1 1 6
3 1 1 10
3 0 0 9
4 4 2 2
5 7 8 6
5 0 0 6
3 1 1 10
3 1 1 9