4 2 2 7
4 1 1 5
3 1 1 5
3 8 6 9
0 10 6 0
4 2 2 7
4 1 1 5
0 1 1 5
3 8 6 9
3 10 6 0
0 2 2 7
4 1 1 5
4 1 1 5
3 8 6 9
3 10 6 0
2 2 0 7
4 1 1 5
4 1 1 5
3 8 6 9
3 10 6 0
2 2 7 0
4 1 1 5
4 1 1 5
3 8 6 9
3 10 6 0
2 2 7 5
4 1 1 5
4 1 1 0
3 8 6 9
3 10 6 0
2 2 7 5
4 1 1 5
4 1 1 9
3 8 6 0
3 10 6 0
2 2 7 5
4 1 1 5
4 1 1 9
3 8 0 6
3 10 0 6
2 2 7 5
4 1 1 5
4 1 1 9
3 0 8 6
3 10 0 6
2 2 7 5
4 1 1 5
4 1 1 9
3 0 0 6
3 10 8 6
2 2 7 5
4 0 0 5
4 1 1 9
3 1 1 6
3 10 8 6
2 2 0 5
4 0 7 5
4 1 1 9
3 1 1 6
3 10 8 6
2 2 0 5
4 7 0 5
4 1 1 9
3 1 1 6
3 10 8 6
2 2 5 0
4 7 5 0
4 1 1 9
3 1 1 6
3 10 8 6
2 2 5 0
4 7 5 9
4 1 1 0
3 1 1 6
3 10 8 6
2 2 5 9
4 7 5 0
4 1 1 0
3 1 1 6
3 10 8 6
2 2 5 9
4 7 5 0
4 1 1 6
3 1 1 6
3 10 8 0
2 2 5 9
4 7 5 6
4 1 1 6
3 1 1 0
3 10 8 0
2 2 5 9
4 7 5 6
4 1 1 6
3 1 1 0
3 10 0 8
2 2 5 9
4 7 5 6
4 1 1 6
3 1 1 8
3 10 0 0
2 2 5 9
4 7 5 6
4 1 1 6
3 1 1 8
3 0 10 0
2 2 5 9
4 7 5 6
4 1 1 6
3 1 1 8
3 0 0 10
2 2 5 9
4 7 5 6
4 0 0 6
3 1 1 8
3 1 1 10