7 2 2 8
4 1 1 5
4 1 1 5
3 9 10 6
3 0 0 6
7 2 2 8
4 1 1 5
4 1 1 5
3 0 10 6
3 9 0 6
7 2 2 8
4 1 1 5
4 1 1 5
3 0 0 6
3 9 10 6
7 2 2 8
4 0 0 5
4 1 1 5
3 1 1 6
3 9 10 6
7 0 0 8
4 2 2 5
4 1 1 5
3 1 1 6
3 9 10 6
0 7 0 8
4 2 2 5
4 1 1 5
3 1 1 6
3 9 10 6
4 7 0 8
4 2 2 5
0 1 1 5
3 1 1 6
3 9 10 6
4 7 0 8
4 2 2 5
3 1 1 5
3 1 1 6
0 9 10 6
4 7 0 8
4 2 2 5
3 1 1 5
3 1 1 6
9 0 10 6
4 7 8 0
4 2 2 5
3 1 1 5
3 1 1 6
9 0 10 6
4 7 8 5
4 2 2 5
3 1 1 0
3 1 1 6
9 0 10 6
4 7 8 5
4 2 2 5
3 1 1 6
3 1 1 6
9 0 10 0
4 7 8 5
4 2 2 5
3 1 1 6
3 1 1 6
9 0 0 10
4 7 8 5
4 2 2 5
3 0 0 6
3 1 1 6
9 1 1 10